NAMES = (
    'Nitrogen', 'CO2', 'Methane', 'Ethane', 'Propane',
    'i-Butane', 'n-Butane', 'i-Pentane', 'n-Pentane',
    'n-Hexane', 'H2O', 'Methanol', 'C5+*', 'C7+*',
    'C11+*', 'C12+*', 'C19+*', 'C21+*',
    'C31+*',
    'C36+*', 'F1*', 'F2*', 'F3*', 'F4*',
)

COMP_COUNT = len(NAMES)

MR = (
    28.0130004882813, 44.0097007751465, 16.0429000854492, 30.0699005126953, 44.0970001220703,
    58.1240005493164, 58.1240005493164, 72.1510009765625, 72.1510009765625, 86.1779022216797,
    18.015100479126, 32.0419006347656, 97.349998474121, 118.529998779297, 198.809997558594,
    191.320007324219, 330.380004882813, 339.049987792969, 454.839996337891, 543,
    84.8199996948242, 115.069999694824, 171.919998168945, 217.960006713867,
)

DENSITY = (
    806.3740234375, 825.335021972656, 299.394012451172, 355.683013916016, 506.678009033203,
    561.966003417969, 583.223022460937, 623.442016601562, 629.72900390625, 662.664001464844,
    997.986022949219, 795.719970703125, 709.27001953125, 744.059997558594, 823.22998046875,
    811.130004882813, 892.349975585938, 882.200012207031, 910.97998046875, 926.140014648438,
    741.659973144531, 796.799987792969, 835.739990234375, 846.239990234375,
)

COEF_MASS_CP = (

)

TBOIL = (  # °C
    -195.800199890137, -78.5519927978515, -161.525, -88.5999969482422, -42.1019958496094,
    -11.7299865722656, -0.501989746093727, 27.8780151367188, 36.0590148925782, 68.7300048828125,
    99.9980102539063, 64.6490112304688, 91.8999877929688, 129.629998779297, 253.219995117188,
    248.409997558594, 423.57998046875, 390.500024414063, 468.85, 619.880029296875,
    72.7499938964844, 137.219995117188, 230.740014648438, 292.060021972656,
)

TC = (  # °C
    -146.955999755859, 30.9500061035156, -82.4509948730469, 32.2780090332031, 96.7480102539063,
    134.946008300781, 152.049005126953, 187.248010253906, 196.450006103516, 234.748010253906,
    374.149011230469, 239.448022460938, 268.930017089844, 317.130029296875, 437.930017089844,
    423.909997558594, 578.560021972656, 604.440026855469, 692.980004882813, 791.419946289063,
    253.430017089844, 326.230004882813, 416.209985351563, 468.659997558594,
)

PC = (  # kPa
    3394.3701171875, 7370, 4640.68017578125, 4883.85009765625, 4256.66015625, 3647.6201171875,
    3796.6201171875, 3333.59008789063, 3375.1201171875, 3031.6201171875, 22120, 7376.4501953125,
    2940, 2900, 1840, 1850, 1120, 1260, 940, 6340, 3660, 3040, 2160, 1680,
)

OMEGA = (
    0.0399998016655445, 0.238940000534058, 0.0114984000101686, 0.0986000001430511, 0.152400001883507,
    0.184790000319481, 0.20100000500679, 0.222240000963211, 0.253890007734299, 0.300700008869171,
    0.34400001168251, 0.556990027427673, 0.303999990224838, 0.381399989128113, 0.531899988651276,
    0.623799979686737, 1.02820003032684, 0.861800014972687, 1.19289994239807, 1.53349995613098,
    0.191980004310608, 0.259950011968613, 0.426470011472702, 1.24304997920989,
)

V = (
    0.0900000035762787, 0.0939000025391579, 0.0989999026060104, 0.148000001907349, 0.200000002980232,
    0.263000011444092, 0.254990011453629, 0.30799001455307, 0.310990005731583, 0.368000000715256,
    0.0571000017225742, 0.127000004053116, 0.399100005626678, 0.47409999370575, 0.754499971866608,
    0.758199989795685, 1.29519999027252, 1.16110002994537, 1.43959999084473, 2.17860007286072,
    0.33050000667572, 0.441399991512299, 0.664099991321564, 0.852800011634827,
)

MOLAR_VOLUME = (
    0.052, 0.044, 0.052, 0.067, 0.084, 0.1055, 0.101400001525879,
    0.117400001525879, 0.11609700012207, 0.131600006103516, 0.0178833827972412,
    0.0407628593444824, 0.138862882520982, 0.160949766021987, 0.243462262374297,
    0.237893743550988, 0.372987854003906, 0.386922210693359, 0.502641418457031,
    0.589877868652344, 0.115740982055664, 0.145827560424805, 0.207406875610352,
    0.260044708251953,
)

PR_Kij = (
    (
        0, -0.0199970006942749, 3.59990000724792e-002, 5.00000007450581e-002, 7.99980014562607e-002,
        9.49990004301071e-002, 9.00000035762787e-002, 9.49990004301071e-002, 0.100000001490116, 0.149000003933907,
        -2.23799991607666, -0.214100003242493, 0.100000001490116, 0.100000001490116, 0.100000001490116,
        0.100000001490116, 0.100000001490116, 0.100000001490116, 0.100000001490116, 0.100000001490116,
        0.100000001490116, 0.100000001490116, 0.100000001490116, 0.100000001490116,
    ),

    (
        -0.0199970006942749, 0, 0.100000001490116, 0.129800006747246, 0.135000005364418, 0.129800006747246,
        0.129800006747246, 0.125000000000000, 0.125000000000000, 0.125000000000000, -0.557200014591217,
        3.99990007281303e-002, 0.101000003516674, 0.101000003516674, 0.101000003516674, 0.101000003516674,
        0.101000003516674, 0.101000003516674, 0.101000003516674, 0.101000003516674, 0.101000003516674,
        0.101000003516674, 0.101000003516674, 0.101000003516674,
    ),

    (
        0.0359990000724792, 0.100000001490116, 0, 2.24137306213379e-003, 6.82878494262695e-003, 1.31134390830994e-002,
        1.23046040534973e-002, 0.017627477645874, 1.79253816604614e-002, 2.34740376472473e-002, 0.500000000000000,
        -3.50000001490116e-002, 2.63989567756653e-002, 3.31320762634277e-002, 5.46744465827942e-002,
        5.49260377883911e-002, 8.52891802787781e-002, 7.86592960357666e-002, 9.18952822685242e-002, 0.119476377964020,
        0.019849419593811, 0.030252218246460, 4.82873320579529e-002, 0.0611204504966736,
    ),

    (
        0.0500000007450581, 0.129800006747246, 2.24137306213379e-003, 0, 1.25795602798462e-003, 4.57346439361572e-003,
        4.09638881683350e-003, 7.41332769393921e-003, 7.60942697525024e-003, 1.14138126373291e-002, 0.500000000000000,
        4.50000017881393e-002, 1.35135650634766e-002, 1.85338258743286e-002, 3.57504487037659e-002,
        3.59590649604797e-002, 0.061974048614502, 5.61718344688416e-002, 6.78104162216187e-002, 9.26712155342102e-002,
        8.89801979064941e-003, 1.63582563400269e-002, 3.05047035217285e-002, 0.0411370396614075,
    ),

    (
        0.0799980014562607, 0.135000005364418, 6.82878494262695e-003, 1.25795602798462e-003, 0, 1.04051828384399e-003,
        8.18967819213867e-004, 2.58338451385498e-003, 2.70050764083862e-003, 5.14197349548340e-003, 0.479999989271164,
        5.99990002810955e-002, 6.59322738647461e-003, 1.02579593658447e-002, 2.39947438240051e-002,
        2.41683125495911e-002, 4.65860366821289e-002, 4.14775609970093e-002, 5.17726540565491e-002,
        7.42979645729065e-002, 3.49390506744385e-003, 8.64130258560181e-003, 1.96757316589355e-002, 0.0285152196884155,
    ),

    (
        0.0949990004301071, 0.129800006747246, 1.31134390830994e-002, 4.57346439361572e-003, 1.04051828384399e-003, 0,
        1.33514404296875e-005, 3.46183776855469e-004, 3.90052795410156e-004, 1.56527757644653e-003, 0.479999989271164,
        6.89980015158653e-002, 2.41094827651978e-003, 4.80335950851440e-003, 1.52305960655212e-002,
        1.53704881668091e-002, 0.034291684627533, 2.98642516136169e-002, 3.88372540473938e-002, 5.90282678604126e-002,
        7.24434852600098e-004, 3.71235609054565e-003, 1.17993354797363e-002, 0.0189170241355896,
    ),

    (
        0.0900000035762787, 0.129800006747246, 1.23046040534973e-002, 4.09638881683350e-003, 8.18967819213867e-004,
        1.33514404296875e-005, 0, 4.95135784149170e-004, 5.47230243682861e-004, 1.86634063720703e-003,
        0.479999989271164, 6.89980015158653e-002, 2.78091430664063e-003, 5.31852245330811e-003, 1.61255598068237e-002,
        0.016269326210022, 3.55952382087708e-002, 3.10885310173035e-002, 4.02154922485352e-002, 6.06796741485596e-002,
        9.33766365051270e-004, 4.16743755340576e-003, 1.25921368598938e-002, 0.01990807056427,
    ),

    (
        0.0949990004301071, 0.125, 0.017627477645874, 7.41332769393921e-003, 2.58338451385498e-003,
        3.46183776855469e-004, 4.95135784149170e-004, 0, 1.25169754028320e-006, 4.39941883087158e-004,
        0.479999989271164, 5.99990002810955e-002, 9.31978225708008e-004, 2.57861614227295e-003, 1.10472440719604e-002,
        1.11671090126038e-002, 2.79856324195862e-002, 2.39706039428711e-002, 3.21415662765503e-002,
        5.09008765220642e-002, 6.90817832946777e-005, 1.79612636566162e-003, 8.14414024353027e-003, 0.0142353773117065,
    ),

    (
        0.100000001490116, 0.125, 1.79253816604614e-002, 7.60942697525024e-003, 2.70050764083862e-003,
        3.90052795410156e-004, 5.47230243682861e-004, 1.25169754028320e-006, 0, 3.93450260162354e-004,
        0.479999989271164, 5.99990002810955e-002, 8.63611698150635e-004, 2.46435403823853e-003, 1.08116865158081e-002,
        1.09302997589111e-002, 0.027617871761322, 2.36285328865051e-002, 0.031749427318573, 5.04189133644104e-002,
        5.13792037963867e-005, 1.70087814331055e-003, 7.94124603271484e-003, 0.0139687657356262,
    ),

    (
        0.149000003933907, 0.125, 2.34740376472473e-002, 1.14138126373291e-002, 5.14197349548340e-003,
        1.56527757644653e-003, 1.86634063720703e-003, 4.39941883087158e-004, 3.93450260162354e-004, 0,
        0.479999989271164, 5.09990006685257e-002, 9.14335250854492e-005, 8.90731811523438e-004, 7.11709260940552e-003,
        7.21383094787598e-003, 2.15958952903748e-002, 1.80613398551941e-002, 2.52966284751892e-002, 0.042371928691864,
        1.60336494445801e-004, 4.59194183349609e-004, 4.82100248336792e-003, 0.0097307562828064,
    ),

    (
        -2.23799991607666, -0.557200014591217, 0.500000000000000, 0.500000000000000, 0.479999989271164,
        0.479999989271164, 0.479999989271164, 0.479999989271164, 0.479999989271164, 0.479999989271164, 0,
        -0.180000007152557, 0.479999989271164, 0.479999989271164, 0.479999989271164, 0.479999989271164,
        0.479999989271164, 0.479999989271164, 0.479999989271164, 0.479999989271164, 0.479999989271164,
        0.479999989271164, 0.479999989271164, 0.479999989271164,
    ),

    (
        -0.214100003242493, 0.0399990007281303, -3.50000001490116e-002, 4.50000017881393e-002, 5.99990002810955e-002,
        6.89980015158653e-002, 6.89980015158653e-002, 5.99990002810955e-002, 5.99990002810955e-002,
        5.09990006685257e-002, -0.180000007152557, 0, 0.000000000000000, 0.000000000000000, 0.000000000000000,
        0.000000000000000, 0.000000000000000, 0.000000000000000, 0.000000000000000, 0.000000000000000,
        0.000000000000000, 0.000000000000000, 0.000000000000000, 0,
    ),

    (
        0.100000001490116, 0.101000003516674, 2.63989567756653e-002, 1.35135650634766e-002, 6.59322738647461e-003,
        2.41094827651978e-003, 2.78091430664063e-003, 9.31978225708008e-004, 8.63611698150635e-004,
        9.14335250854492e-005, 0.479999989271164, 0.000000000000000, 0, 4.11748886108398e-004, 5.60659170150757e-003,
        5.69266080856323e-003, 1.89434885978699e-002, 1.56329274177551e-002, 2.24316120147705e-002, 0.038716197013855,
        4.93884086608887e-004, 1.40905380249023e-004, 3.59070301055908e-003, 0.00795465707778931,
    ),

    (
        0.100000001490116, 0.101000003516674, 3.31320762634277e-002, 1.85338258743286e-002, 1.02579593658447e-002,
        4.80335950851440e-003, 5.31852245330811e-003, 2.57861614227295e-003, 2.46435403823853e-003,
        8.90731811523438e-004, 0.479999989271164, 0.000000000000000, 4.11748886108398e-004, 0, 2.99096107482910e-003,
        3.05414199829102e-003, 1.38660073280334e-002, 1.10403299331665e-002, 1.68929100036621e-002,
        3.14540266990662e-002, 1.80548429489136e-003, 7.09295272827148e-005, 1.57541036605835e-003, 0.00476843118667603,
    ),

    (
        0.100000001490116, 0.101000003516674, 5.46744465827942e-002, 3.57504487037659e-002, 2.39947438240051e-002,
        1.52305960655212e-002, 1.61255598068237e-002, 1.10472440719604e-002, 1.08116865158081e-002,
        7.11709260940552e-003, 0.479999989271164, 0.000000000000000, 5.60659170150757e-003, 2.99096107482910e-003, 0,
        2.98023223876953e-007, 4.04185056686401e-003, 2.57527828216553e-003, 5.76937198638916e-003,
        1.54160857200623e-002, 9.38928127288818e-003, 3.97849082946777e-003, 2.26140022277832e-004,
        0.000208258628845215,
    ),

    (
        0.100000001490116, 0.101000003516674, 5.49260377883911e-002, 3.59590649604797e-002, 2.41683125495911e-002,
        1.53704881668091e-002, 0.016269326210022, 1.11671090126038e-002, 1.09302997589111e-002, 7.21383094787598e-003,
        0.479999989271164, 0.000000000000000, 5.69266080856323e-003, 3.05414199829102e-003, 2.98023223876953e-007, 0,
        3.96913290023804e-003, 2.51728296279907e-003, 5.68282604217529e-003, 1.52760744094849e-002,
        9.50008630752563e-003, 4.05120849609375e-003, 2.43782997131348e-004, 0.000191986560821533,
    ),

    (
        0.100000001490116, 0.101000003516674, 8.52891802787781e-002, 0.061974048614502, 4.65860366821289e-002,
        0.034291684627533, 3.55952382087708e-002, 2.79856324195862e-002, 0.027617871761322, 2.15958952903748e-002,
        0.479999989271164, 0.000000000000000, 1.89434885978699e-002, 1.38660073280334e-002, 4.04185056686401e-003,
        3.96913290023804e-003, 0, 1.65939331054688e-004, 1.55150890350342e-004, 3.74412536621094e-003,
        0.025361180305481, 1.58811807632446e-002, 6.16550445556641e-003, 0.00242060422897339,
    ),

    (
        0.100000001490116, 0.101000003516674, 7.86592960357666e-002, 5.61718344688416e-002, 4.14775609970093e-002,
        2.98642516136169e-002, 3.10885310173035e-002, 2.39706039428711e-002, 2.36285328865051e-002,
        1.80613398551941e-002, 0.479999989271164, 0.000000000000000, 1.56329274177551e-002, 1.10403299331665e-002,
        2.57527828216553e-003, 2.51728296279907e-003, 1.65939331054688e-004, 0, 6.41584396362305e-004,
        5.47534227371216e-003, 2.15346217155457e-002, 1.28527283668518e-002, 4.31966781616211e-003, 0.00132119655609131,
    ),

    (
        0.100000001490116, 0.101000003516674, 9.18952822685242e-002, 6.78104162216187e-002, 5.17726540565491e-002,
        3.88372540473938e-002, 4.02154922485352e-002, 3.21415662765503e-002, 0.031749427318573, 2.52966284751892e-002,
        0.479999989271164, 0.000000000000000, 2.24316120147705e-002, 1.68929100036621e-002, 5.76937198638916e-003,
        5.68282604217529e-003, 1.55150890350342e-004, 6.41584396362305e-004, 0, 2.37935781478882e-003,
        2.93385982513428e-002, 1.91010236740112e-002, 8.25661420822144e-003, 0.00379562377929688,
    ),

    (
        0.100000001490116, 0.101000003516674, 0.119476377964020, 9.26712155342102e-002, 7.42979645729065e-002,
        5.90282678604126e-002, 6.06796741485596e-002, 5.09008765220642e-002, 5.04189133644104e-002, 0.042371928691864,
        0.479999989271164, 0.000000000000000, 0.038716197013855, 3.14540266990662e-002, 1.54160857200623e-002,
        1.52760744094849e-002, 3.74412536621094e-003, 5.47534227371216e-003, 2.37935781478882e-003, 0,
        4.74392771720886e-002, 3.43844890594482e-002, 1.92869305610657e-002, 0.0120945572853088,
    ),

    (
        0.100000001490116, 0.101000003516674, 0.019849419593811, 8.89801979064941e-003, 3.49390506744385e-003,
        7.24434852600098e-004, 9.33766365051270e-004, 6.90817832946777e-005, 5.13792037963867e-005,
        1.60336494445801e-004, 0.479999989271164, 0.000000000000000, 4.93884086608887e-004, 1.80548429489136e-003,
        9.38928127288818e-003, 9.50008630752563e-003, 0.025361180305481, 2.15346217155457e-002, 2.93385982513428e-002,
        4.74392771720886e-002, 0, 1.16163492202759e-003, 6.72543048858643e-003, 0.0123513340950012,
    ),

    (
        0.100000001490116, 0.101000003516674, 0.030252218246460, 1.63582563400269e-002, 8.64130258560181e-003,
        3.71235609054565e-003, 4.16743755340576e-003, 1.79612636566162e-003, 1.70087814331055e-003,
        4.59194183349609e-004, 0.479999989271164, 0.000000000000000, 1.40905380249023e-004, 7.09295272827148e-005,
        3.97849082946777e-003, 4.05120849609375e-003, 1.58811807632446e-002, 1.28527283668518e-002,
        1.91010236740112e-002, 3.43844890594482e-002, 1.16163492202759e-003, 0, 2.31301784515381e-003,
        0.00599378347396851,
    ),

    (
        0.100000001490116, 0.101000003516674, 4.82873320579529e-002, 3.05047035217285e-002, 1.96757316589355e-002,
        1.17993354797363e-002, 1.25921368598938e-002, 8.14414024353027e-003, 7.94124603271484e-003,
        4.82100248336792e-003, 0.479999989271164, 0.000000000000000, 3.59070301055908e-003, 1.57541036605835e-003,
        2.26140022277832e-004, 2.43782997131348e-004, 6.16550445556641e-003, 4.31966781616211e-003,
        8.25661420822144e-003, 1.92869305610657e-002, 6.72543048858643e-003, 2.31301784515381e-003, 0,
        0.000868022441864014,
    ),

    (
        0.100000001490116, 0.101000003516674, 6.11204504966736e-002, 4.11370396614075e-002, 2.85152196884155e-002,
        1.89170241355896e-002, 0.019908070564270, 1.42353773117065e-002, 1.39687657356262e-002, 9.73075628280640e-003,
        0.479999989271164, 0.000000000000000, 7.95465707778931e-003, 4.76843118667603e-003, 2.08258628845215e-004,
        1.91986560821533e-004, 2.42060422897339e-003, 1.32119655609131e-003, 3.79562377929688e-003,
        1.20945572853088e-002, 1.23513340950012e-002, 5.99378347396851e-003, 8.68022441864014e-004, 0,
    ),
)

R = 8.314

mass_flows = [2154.02702900929, 20921.564691617, 966347.032930312, 120135.342424023, 114812.015275905, 39055.8236934666,
              49889.7972668604, 23220.0109277013, 20432.4866800688, 31052.4916780097, 9206.29202689721, 0,
              8030.18748435508, 156750.34899853, 5543.72878804104, 120456.386963894, 58328.2843309393,
              1928.87718938369, 219.382978363141, 73.195245091584, 3194.2233824678, 3684.08780778613,
              2310.93076993326, 87.6354418677844,
              ]

x = (
    0.000217522891361044, 0.00503500005650924, 0.334676820383887, 0.0561280017760134, 0.0678931527103836,
    0.0259052940645201, 0.0387358782418676, 0.0199802376797157, 0.0194895768751358, 0.0336264648448546,
    0.0696459454535233, 0, 0.0091548948243462, 0.179592564540857, 0.0043032571190454,
    0.0974047100299324, 0.0275099406099307, 0.000886463106268285, 7.51578017484055E-05,
    2.10045184160056E-05, 0.00346075171853445, 0.00414922901198412, 0.0020454827697406,
    6.26489714249767E-05,
)

y = (
    0.00113865918493949,    0.00668242696053612,    0.87607403753719,    0.054823048923164,
    0.032696512123184,    0.00762683143056238,    0.00919616013371548,    0.00291988758771861,
    0.00238469146816688,    0.00217980391095748,    0.000966374506943886,    0,
    0.000357981683901536,    0.00256252713820149,    4.04395677516431E-06,    6.79584539595852E-05,
    3.44229088931933E-08,    1.97546034117334E-09,    5.35477972292034E-13,    6.15096645697179E-13,
    0.000233005700003955,    8.12636086064575E-05,    4.74902885100745E-06,    2.63103052514216E-10,
)
